-2.449293598294706513e-15
1.253332335643010942e-01
2.486898871648441367e-01
3.681245526846670946e-01
4.817536741017043878e-01
5.877852522924624790e-01
6.845471059286734050e-01
7.705132427757753755e-01
8.443279255020030849e-01
9.048270524660096958e-01
9.510565162951462037e-01
9.822872507286827259e-01
9.980267284282691165e-01
9.980267284282736684e-01
9.822872507286963817e-01
9.510565162951686302e-01
9.048270524660375624e-01
8.443279255020419427e-01
7.705132427758171199e-01
6.845471059287262516e-01
5.877852522925212098e-01
4.817536741017617308e-01
3.681245526847344851e-01
2.486898871649212694e-01
1.253332335643660145e-01
7.007331817541895577e-14
-1.253332335642269590e-01
-2.486898871647855169e-01
-3.681245526846042004e-01
-4.817536741016388846e-01
-5.877852522924077450e-01
-6.845471059286241111e-01
-7.705132427757368507e-01
-8.443279255019668916e-01
-9.048270524659778324e-01
-9.510565162951253315e-01
-9.822872507286700694e-01
-9.980267284282647866e-01
-9.980267284282778872e-01
-9.822872507287090382e-01
-9.510565162951895024e-01
-9.048270524660663172e-01
-8.443279255020781360e-01
-7.705132427758601965e-01
-6.845471059287755455e-01
-5.877852522925758327e-01
-4.817536741018209612e-01
-3.681245526847973792e-01
-2.486898871649867726e-01
-1.253332335644330997e-01
-1.376973427525432086e-13
1.253332335641598738e-01
2.486898871647200415e-01
3.681245526845413063e-01
4.817536741015920887e-01
5.877852522923531220e-01
6.845471059285748172e-01
7.705132427756937741e-01
8.443279255019305873e-01
9.048270524659490777e-01
9.510565162951044593e-01
9.822872507286574129e-01
9.980267284282605678e-01
9.980267284282821061e-01
9.822872507287216948e-01
9.510565162952103746e-01
9.048270524660951830e-01
8.443279255021144403e-01
7.705132427759032732e-01
6.845471059288248394e-01
5.877852522926305667e-01
4.817536741018802471e-01
3.681245526848602734e-01
2.486898871650522758e-01
1.253332335645001849e-01
2.053213673296674614e-13
-1.253332335640927886e-01
-2.486898871646545384e-01
-3.681245526844784677e-01
-4.817536741015328583e-01
-5.877852522922983880e-01
-6.845471059285255233e-01
-7.705132427756505864e-01
-8.443279255018943941e-01
-9.048270524659203229e-01
-9.510565162950834761e-01
-9.822872507286447563e-01
-9.980267284282563489e-01
-9.980267284282863249e-01
-9.822872507287343513e-01
-9.510565162952269169e-01
-9.048270524661239378e-01
-8.443279255021506335e-01
-7.705132427759464608e-01
-6.845471059288741333e-01
-5.877852522926853007e-01
-4.817536741019394775e-01
-3.681245526849231120e-01
-2.486898871651177789e-01
-1.253332335645672702e-01
-2.729453919067917142e-13
1.253332335640398032e-01
2.486898871645890352e-01
3.681245526844155735e-01
4.817536741014735724e-01
5.877852522922436540e-01
6.845471059284762294e-01
7.705132427756075097e-01
8.443279255018582008e-01
9.048270524658914571e-01
9.510565162950626039e-01
9.822872507286320998e-01
9.980267284282521301e-01
9.980267284282906548e-01
9.822872507287470079e-01
9.510565162952477891e-01
9.048270524661526926e-01
8.443279255021869378e-01
7.705132427759895375e-01
6.845471059289234272e-01
5.877852522927400347e-01
4.817536741019987634e-01
3.681245526849860061e-01
2.486898871651832821e-01
1.253332335646343831e-01
3.405694164839159922e-13
-1.253332335639726902e-01
-2.486898871645235320e-01
-3.681245526843526794e-01
-4.817536741014143420e-01
-5.877852522921889200e-01
-6.845471059284269355e-01
-7.705132427755644331e-01
-8.443279255018218965e-01
-9.048270524658627023e-01
-9.510565162950417317e-01
-9.822872507286194432e-01
-9.980267284282487994e-01
-9.980267284282948737e-01
-9.822872507287596644e-01
-9.510565162952687723e-01
-9.048270524661815584e-01
-8.443279255022231311e-01
-7.705132427760326141e-01
-6.845471059289727211e-01
-5.877852522927947687e-01
-4.817536741020579938e-01
-3.681245526850489003e-01
-2.486898871652350185e-01
-1.253332335647014684e-01
-4.081934410610402198e-13
1.253332335639056050e-01
2.486898871644580289e-01
3.681245526842898408e-01
4.817536741013550561e-01
5.877852522921342970e-01
6.845471059283776416e-01
7.705132427755213564e-01
8.443279255017857032e-01
9.048270524658339475e-01
9.510565162950208595e-01
9.822872507286066757e-01
9.980267284282444695e-01
9.980267284282990925e-01
9.822872507287723209e-01
9.510565162952896445e-01
9.048270524662103131e-01
8.443279255022593244e-01
7.705132427760758018e-01
6.845471059290220150e-01
5.877852522928493917e-01
4.817536741021172797e-01
3.681245526851117389e-01
2.486898871653004939e-01
1.253332335647685536e-01
4.758174656381644474e-13
-1.253332335638385198e-01
-2.486898871643925257e-01
-3.681245526842269467e-01
-4.817536741012958257e-01
-5.877852522920795630e-01
-6.845471059283283477e-01
-7.705132427754781688e-01
-8.443279255017493989e-01
-9.048270524658111880e-01
-9.510565162949999873e-01
-9.822872507285940191e-01
-9.980267284282402507e-01
-9.980267284283033113e-01
-9.822872507287850885e-01
-9.510565162953105167e-01
-9.048270524662390679e-01
-8.443279255022956287e-01
-7.705132427761188785e-01
-6.845471059290713089e-01
-5.877852522929041257e-01
-4.817536741021765101e-01
-3.681245526851746330e-01
-2.486898871653659970e-01
-1.253332335648356388e-01
-5.434414902152887254e-13
1.253332335637714345e-01
2.486898871643270226e-01
3.681245526841640525e-01
4.817536741012365398e-01
5.877852522920248290e-01
6.845471059282790538e-01
7.705132427754350921e-01
8.443279255017132057e-01
9.048270524657823222e-01
9.510565162949790041e-01
9.822872507285813626e-01
9.980267284282360318e-01
9.980267284283076412e-01
9.822872507287977450e-01
9.510565162953313889e-01
9.048270524662679337e-01
8.443279255023318219e-01
7.705132427761619551e-01
6.845471059291206029e-01
5.877852522929473134e-01
4.817536741022357960e-01
3.681245526852375272e-01
2.486898871654315002e-01
1.253332335649027240e-01
6.110655147924130035e-13
-1.253332335637043493e-01
-2.486898871642615472e-01
-3.681245526841012139e-01
-4.817536741011773094e-01
-5.877852522919700951e-01
-6.845471059282400850e-01
-7.705132427753920155e-01
-8.443279255016770124e-01
-9.048270524657535674e-01
-9.510565162949581319e-01
-9.822872507285687060e-01
-9.980267284282318130e-01
-9.980267284283118601e-01
-9.822872507288104016e-01
-9.510565162953522611e-01
-9.048270524662966885e-01
-8.443279255023680152e-01
-7.705132427762050318e-01
-6.845471059291698968e-01
-5.877852522930020474e-01
-4.817536741022950819e-01
-3.681245526853003658e-01
-2.486898871654970034e-01
-1.253332335649698370e-01
-6.786895393695372815e-13
1.253332335636372363e-01
2.486898871641960440e-01
3.681245526840383198e-01
4.817536741011180235e-01
5.877852522919153611e-01
6.845471059281907911e-01
7.705132427753489388e-01
8.443279255016407081e-01
9.048270524657248126e-01
9.510565162949372597e-01
9.822872507285560495e-01
9.980267284282274831e-01
9.980267284283160789e-01
9.822872507288230581e-01
9.510565162953732443e-01
9.048270524663254433e-01
8.443279255023966590e-01
7.705132427762482195e-01
6.845471059292191907e-01
5.877852522930567813e-01
4.817536741023543123e-01
3.681245526853632599e-01
2.486898871655625065e-01
1.253332335650369223e-01
7.463135639466614586e-13
-1.253332335635701511e-01
-2.486898871641305409e-01
-3.681245526839754256e-01
-4.817536741010587931e-01
-5.877852522918607381e-01
-6.845471059281414972e-01
-7.705132427753057511e-01
-8.443279255016045148e-01
-9.048270524656959468e-01
-9.510565162949163875e-01
-9.822872507285433930e-01
-9.980267284282232643e-01
-9.980267284283202978e-01
-9.822872507288357147e-01
-9.510565162953941165e-01
-9.048270524663543091e-01
-8.443279255024329633e-01
-7.705132427762912961e-01
-6.845471059292684846e-01
-5.877852522931115153e-01
-4.817536741024135982e-01
-3.681245526854261541e-01
-2.486898871656280097e-01
-1.253332335651040075e-01
-8.139375885237857366e-13
1.253332335635030659e-01
2.486898871640650377e-01
3.681245526839257987e-01
4.817536741009995072e-01
5.877852522918060041e-01
6.845471059280922033e-01
7.705132427752626745e-01
8.443279255015683216e-01
9.048270524656671920e-01
9.510565162948954043e-01
9.822872507285307364e-01
9.980267284282190454e-01
9.980267284283246276e-01
9.822872507288457067e-01
9.510565162954149887e-01
9.048270524663830638e-01
8.443279255024691565e-01
7.705132427763343728e-01
6.845471059293177785e-01
5.877852522931661383e-01
4.817536741024728286e-01
3.681245526854889927e-01
2.486898871656935128e-01
1.253332335651710927e-01
8.815616131009100147e-13
-1.253332335634359807e-01
-2.486898871639995345e-01
-3.681245526838629045e-01
-4.817536741009402768e-01
-5.877852522917512701e-01
-6.845471059280429094e-01
-7.705132427752195978e-01
-8.443279255015320173e-01
-9.048270524656384373e-01
-9.510565162948745321e-01
-9.822872507285179688e-01
-9.980267284282148266e-01
-9.980267284283288465e-01
-9.822872507288583632e-01
-9.510565162954358609e-01
-9.048270524664118186e-01
-8.443279255025053498e-01
-7.705132427763774494e-01
-6.845471059293670724e-01
-5.877852522932208723e-01
-4.817536741025321145e-01
-3.681245526855518868e-01
-2.486898871657590160e-01
-1.253332335652381779e-01
-9.349747829628322890e-13
1.253332335633688954e-01
2.486898871639340314e-01
3.681245526838000659e-01
4.817536741008809908e-01
5.877852522916965361e-01
6.845471059279936155e-01
7.705132427751765212e-01
8.443279255014958240e-01
9.048270524656095715e-01
9.510565162948536599e-01
9.822872507285079768e-01
9.980267284282104967e-01
9.980267284283330653e-01
9.822872507288711308e-01
9.510565162954568441e-01
9.048270524664406844e-01
8.443279255025416541e-01
7.705132427764206371e-01
6.845471059294163663e-01
5.877852522932756063e-01
4.817536741025913449e-01
3.681245526856147809e-01
2.486898871658244914e-01
1.253332335653052909e-01
1.002598807539956567e-12
-1.253332335633017824e-01
-2.486898871638685282e-01
-3.681245526837371718e-01
-4.817536741008217049e-01
-5.877852522916419131e-01
-6.845471059279443216e-01
-7.705132427751333335e-01
-8.443279255014595197e-01
-9.048270524655808167e-01
-9.510565162948327878e-01
-9.822872507284953203e-01
-9.980267284282062779e-01
-9.980267284283372842e-01
-9.822872507288837873e-01
-9.510565162954777163e-01
-9.048270524664694392e-01
-8.443279255025778474e-01
-7.705132427764637137e-01
-6.845471059294656602e-01
-5.877852522933303403e-01
-4.817536741026506308e-01
-3.681245526856644079e-01
-2.486898871658899945e-01
-1.253332335653723761e-01
-1.070222832117080845e-12
1.253332335632346972e-01
2.486898871638030251e-01
3.681245526836742776e-01
4.817536741007624745e-01
5.877852522915871791e-01
6.845471059278950277e-01
7.705132427750902568e-01
8.443279255014233264e-01
9.048270524655520619e-01
9.510565162948119156e-01
9.822872507284826638e-01
9.980267284282020590e-01
9.980267284283416140e-01
9.822872507288964439e-01
9.510565162954985885e-01
9.048270524664981940e-01
8.443279255026140406e-01
7.705132427765067904e-01
6.845471059295149541e-01
5.877852522933850743e-01
4.817536741027098612e-01
3.681245526857273020e-01
2.486898871659554977e-01
1.253332335654394614e-01
1.137846856694204921e-12
-1.253332335631676120e-01
-2.486898871637375497e-01
-3.681245526836114390e-01
-4.817536741007031886e-01
-5.877852522915324451e-01
-6.845471059278457338e-01
-7.705132427750471802e-01
-8.443279255013946827e-01
-9.048270524655231961e-01
-9.510565162947909323e-01
-9.822872507284700072e-01
-9.980267284281978402e-01
-9.980267284283458329e-01
-9.822872507289091004e-01
-9.510565162955194607e-01
-9.048270524665270598e-01
-8.443279255026503449e-01
-7.705132427765498671e-01
-6.845471059295539229e-01
-5.877852522934396973e-01
-4.817536741027691471e-01
-3.681245526857901962e-01
-2.486898871660210009e-01
-1.253332335655065466e-01
-1.205470881271329199e-12
1.253332335631005268e-01
2.486898871636720465e-01
3.681245526835485449e-01
4.817536741006439582e-01
5.877852522914777111e-01
6.845471059277964399e-01
7.705132427750041035e-01
8.443279255013584894e-01
9.048270524654944413e-01
9.510565162947700601e-01
9.822872507284573507e-01
9.980267284281935103e-01
9.980267284283500517e-01
9.822872507289217570e-01
9.510565162955403329e-01
9.048270524665558145e-01
8.443279255026865382e-01
7.705132427765930547e-01
6.845471059296032168e-01
5.877852522934944313e-01
4.817536741028283775e-01
3.681245526858530348e-01
2.486898871660865040e-01
1.253332335655736318e-01
1.273094905848453477e-12
-1.253332335630334415e-01
-2.486898871636065433e-01
-3.681245526834856507e-01
-4.817536741005846723e-01
-5.877852522914345235e-01
-6.845471059277471459e-01
-7.705132427749609159e-01
-8.443279255013221851e-01
-9.048270524654656866e-01
-9.510565162947491880e-01
-9.822872507284446941e-01
-9.980267284281892914e-01
-9.980267284283542706e-01
-9.822872507289344135e-01
-9.510565162955613161e-01
-9.048270524665845693e-01
-8.443279255027228425e-01
-7.705132427766361314e-01
-6.845471059296525107e-01
-5.877852522935491653e-01
-4.817536741028876635e-01
-3.681245526859159289e-01
-2.486898871661520072e-01
-1.253332335656407448e-01
-1.340718930425577755e-12
1.253332335629663286e-01
2.486898871635410402e-01
3.681245526834228121e-01
4.817536741005254419e-01
5.877852522913797895e-01
6.845471059276978520e-01
7.705132427749178392e-01
8.443279255012859918e-01
9.048270524654368208e-01
9.510565162947283158e-01
9.822872507284320376e-01
9.980267284281850726e-01
9.980267284283586005e-01
9.822872507289470700e-01
9.510565162955821883e-01
9.048270524666073289e-01
8.443279255027590358e-01
7.705132427766792080e-01
6.845471059297018046e-01
5.877852522936153346e-01
4.817536741029468939e-01
3.681245526859788231e-01
2.486898871662037436e-01
1.253332335657078300e-01
1.408342955002702033e-12
-1.253332335629133432e-01
-2.486898871634755370e-01
-3.681245526833599180e-01
-4.817536741004786460e-01
-5.877852522913136202e-01
-6.845471059276485581e-01
-7.705132427748837554e-01
-8.443279255012421380e-01
-9.048270524654080660e-01
-9.510565162947117734e-01
-9.822872507284166055e-01
-9.980267284281808537e-01
-9.980267284283619311e-01
-9.822872507289623911e-01
-9.510565162956030605e-01
-9.048270524666361947e-01
-8.443279255028028896e-01
-7.705132427767222847e-01
-6.845471059297510985e-01
-5.877852522936470869e-01
-4.817536741030061798e-01
-3.681245526860416617e-01
-2.486898871662692467e-01
-1.253332335657749153e-01
-1.475966979579826311e-12
1.253332335628462579e-01
2.486898871634100339e-01
3.681245526832970238e-01
4.817536741004193601e-01
5.877852522912588862e-01
6.845471059275992642e-01
7.705132427748406787e-01
8.443279255012059448e-01
9.048270524653793112e-01
9.510565162946909012e-01
9.822872507284039489e-01
9.980267284281765239e-01
9.980267284283661500e-01
9.822872507289751587e-01
9.510565162956239327e-01
9.048270524666649495e-01
8.443279255028390828e-01
7.705132427767654724e-01
6.845471059298003924e-01
5.877852522937018209e-01
4.817536741030654102e-01
3.681245526861045558e-01
2.486898871663347221e-01
1.253332335658420005e-01
1.543591004156950590e-12
-1.253332335627791727e-01
-2.486898871633445307e-01
-3.681245526832341852e-01
-4.817536741003601297e-01
-5.877852522912041522e-01
-6.845471059275499703e-01
-7.705132427747976021e-01
-8.443279255011696405e-01
-9.048270524653504454e-01
-9.510565162946700291e-01
-9.822872507283912924e-01
-9.980267284281723050e-01
-9.980267284283703688e-01
-9.822872507289878152e-01
-9.510565162956449159e-01
-9.048270524666937042e-01
-8.443279255028600661e-01
-7.705132427768085490e-01
-6.845471059298496863e-01
-5.877852522937564439e-01
-4.817536741031246961e-01
-3.681245526861674500e-01
-2.486898871664002253e-01
-1.253332335659090857e-01
-1.611215028734074868e-12
1.253332335627120875e-01
2.486898871632790553e-01
3.681245526831712911e-01
4.817536741003008438e-01
5.877852522911495292e-01
6.845471059275006764e-01
7.705132427747545254e-01
8.443279255011334472e-01
9.048270524653216906e-01
9.510565162946490458e-01
9.822872507283786359e-01
9.980267284281680862e-01
9.980267284283746987e-01
9.822872507290004718e-01
9.510565162956657881e-01
9.048270524667225700e-01
8.443279255028963703e-01
7.705132427768516257e-01
6.845471059298989802e-01
5.877852522938111779e-01
4.817536741031839265e-01
3.681245526862302886e-01
2.486898871664657285e-01
1.253332335659761987e-01
1.678839053311198944e-12
-1.253332335626449745e-01
-2.486898871632135521e-01
-3.681245526831083970e-01
-4.817536741002416134e-01
-5.877852522910947952e-01
-6.845471059274513825e-01
-7.705132427747113377e-01
-8.443279255010972539e-01
-9.048270524652929359e-01
-9.510565162946281736e-01
-9.822872507283659793e-01
-9.980267284281638673e-01
-9.980267284283789175e-01
-9.822872507290077992e-01
-9.510565162956866603e-01
-9.048270524667513248e-01
-8.443279255029325636e-01
-7.705132427768947023e-01
-6.845471059299482741e-01
-5.877852522938659119e-01
-4.817536741032432124e-01
-3.681245526862931827e-01
-2.486898871665312316e-01
-1.253332335660432839e-01
-1.746463077888323222e-12
1.253332335625778893e-01
2.486898871631480490e-01
3.681245526830455583e-01
4.817536741001823275e-01
5.877852522910400612e-01
6.845471059274020886e-01
7.705132427746682611e-01
8.443279255010609496e-01
9.048270524652640701e-01
9.510565162946073015e-01
9.822872507283533228e-01
9.980267284281595375e-01
9.980267284283831364e-01
9.822872507290204558e-01
9.510565162957075325e-01
9.048270524667800796e-01
8.443279255029688679e-01
7.705132427769378900e-01
6.845471059299975680e-01
5.877852522939206459e-01
4.817536741033024428e-01
3.681245526863560769e-01
2.486898871665967348e-01
1.253332335661103691e-01
1.814087102465447500e-12
-1.253332335625108040e-01
-2.486898871630825458e-01
-3.681245526829826642e-01
-4.817536741001230971e-01
-5.877852522909853272e-01
-6.845471059273527947e-01
-7.705132427746251844e-01
-8.443279255010247564e-01
-9.048270524652353153e-01
-9.510565162945864293e-01
-9.822872507283406662e-01
-9.980267284281553186e-01
-9.980267284283873552e-01
-9.822872507290331123e-01
-9.510565162957284047e-01
-9.048270524668089454e-01
-8.443279255030050612e-01
-7.705132427769809667e-01
-6.845471059300468619e-01
-5.877852522939753799e-01
-4.817536741033617287e-01
-3.681245526864189155e-01
-2.486898871666622379e-01
-1.253332335661774544e-01
-1.881711127042571778e-12
1.253332335624437188e-01
2.486898871630170427e-01
3.681245526829197701e-01
4.817536741000638112e-01
5.877852522909307043e-01
6.845471059273035008e-01
7.705132427745821078e-01
8.443279255009885631e-01
9.048270524652065605e-01
9.510565162945654460e-01
9.822872507283332277e-01
9.980267284281510998e-01
9.980267284283916851e-01
9.822872507290457689e-01
9.510565162957493879e-01
9.048270524668377002e-01
8.443279255030412545e-01
7.705132427770240433e-01
6.845471059300961558e-01
5.877852522940300029e-01
4.817536741034209591e-01
3.681245526864818096e-01
2.486898871667277411e-01
1.253332335662445396e-01
1.949335151619695854e-12
-1.253332335623766336e-01
-2.486898871629515395e-01
-3.681245526828569314e-01
-4.817536741000045253e-01
-5.877852522908759703e-01
-6.845471059272542069e-01
-7.705132427745389201e-01
-8.443279255009522588e-01
-9.048270524651776947e-01
-9.510565162945445739e-01
-9.822872507283205712e-01
-9.980267284281468809e-01
-9.980267284283959039e-01
-9.822872507290585364e-01
-9.510565162957702601e-01
-9.048270524668664549e-01
-8.443279255030775587e-01
-7.705132427770671200e-01
-6.845471059301454497e-01
-5.877852522940847368e-01
-4.817536741034802450e-01
-3.681245526865447038e-01
-2.486898871667932442e-01
-1.253332335663116526e-01
-2.016959176196820334e-12
1.253332335623095206e-01
2.486898871628860364e-01
3.681245526827940373e-01
4.817536740999452949e-01
5.877852522908212363e-01
6.845471059272049130e-01
7.705132427744958434e-01
8.443279255009312756e-01
9.048270524651489399e-01
9.510565162945237017e-01
9.822872507283079146e-01
9.980267284281425511e-01
9.980267284284001228e-01
9.822872507290711930e-01
9.510565162957911323e-01
9.048270524668953207e-01
8.443279255031137520e-01
7.705132427771103076e-01
6.845471059301947436e-01
5.877852522941394708e-01
4.817536741035394754e-01
3.681245526866075424e-01
2.486898871668587196e-01
1.253332335663787378e-01
2.084583200773944410e-12
-1.253332335622424354e-01
-2.486898871628205332e-01
-3.681245526827311432e-01
-4.817536740998860090e-01
-5.877852522907665023e-01
-6.845471059271556191e-01
-7.705132427744527668e-01
-8.443279255008950823e-01
-9.048270524651201852e-01
-9.510565162945028295e-01
-9.822872507282952581e-01
-9.980267284281383322e-01
-9.980267284284043416e-01
-9.822872507290838495e-01
-9.510565162958120045e-01
-9.048270524669240755e-01
-8.443279255031499453e-01
-7.705132427771533843e-01
-6.845471059302440375e-01
-5.877852522941942048e-01
-4.817536741035987613e-01
-3.681245526866704365e-01
-2.486898871669242228e-01
-1.253332335664458230e-01
-2.152207225351068890e-12
1.253332335621753502e-01
2.486898871627550578e-01
3.681245526826683045e-01
4.817536740998267786e-01
5.877852522907348609e-01
6.845471059271063252e-01
7.705132427744096901e-01
8.443279255008587780e-01
9.048270524650913194e-01
9.510565162944818463e-01
9.822872507282826016e-01
9.980267284281341134e-01
9.980267284284086715e-01
9.822872507290965061e-01
9.510565162958329877e-01
9.048270524669528303e-01
8.443279255031862496e-01
7.705132427771964609e-01
6.845471059302933314e-01
5.877852522942488278e-01
4.817536741036580472e-01
3.681245526867333306e-01
2.486898871669897260e-01
1.253332335665129083e-01
2.219831249928192966e-12
-1.253332335621082649e-01
-2.486898871626895546e-01
-3.681245526826054104e-01
-4.817536740997674927e-01
-5.877852522906801269e-01
-6.845471059270570313e-01
-7.705132427743665025e-01
-8.443279255008225848e-01
-9.048270524650625646e-01
-9.510565162944609741e-01
-9.822872507282699450e-01
-9.980267284281298945e-01
-9.980267284284128904e-01
-9.822872507291091626e-01
-9.510565162958538599e-01
-9.048270524669816961e-01
-8.443279255032224428e-01
-7.705132427772395376e-01
-6.845471059303426253e-01
-5.877852522943035618e-01
-4.817536741037172776e-01
-3.681245526867961693e-01
-2.486898871670552291e-01
-1.253332335665799935e-01
-2.287455274505317446e-12
1.253332335620411797e-01
2.486898871626515850e-01
3.681245526825425163e-01
4.817536740997082623e-01
5.877852522906253929e-01
6.845471059270077374e-01
7.705132427743234258e-01
8.443279255007862805e-01
9.048270524650338098e-01
9.510565162944401019e-01
9.822872507282572885e-01
9.980267284281255646e-01
9.980267284284171092e-01
9.822872507291218191e-01
9.510565162958747321e-01
9.048270524670104509e-01
8.443279255032587471e-01
7.705132427772827253e-01
6.845471059303919192e-01
5.877852522943582958e-01
4.817536741037765635e-01
3.681245526868590634e-01
2.486898871671207323e-01
1.253332335666471065e-01
2.355079299082441522e-12
-1.253332335619740667e-01
-2.486898871625860818e-01
-3.681245526824796777e-01
-4.817536740996489764e-01
-5.877852522905706589e-01
-6.845471059269584435e-01
-7.705132427742803491e-01
-8.443279255007500872e-01
-9.048270524650049440e-01
-9.510565162944192297e-01
-9.822872507282446319e-01
-9.980267284281213458e-01
-9.980267284284213281e-01
-9.822872507291344757e-01
-9.510565162958956043e-01
-9.048270524670392057e-01
-8.443279255032949404e-01
-7.705132427773258019e-01
-6.845471059304412131e-01
-5.877852522944130298e-01
-4.817536741038357939e-01
-3.681245526869219020e-01
-2.486898871671862354e-01
-1.253332335667141917e-01
-2.422703323659566002e-12
1.253332335619069815e-01
2.486898871625205787e-01
3.681245526824167835e-01
4.817536740995897460e-01
5.877852522905159249e-01
6.845471059269091496e-01
7.705132427742372725e-01
8.443279255007138939e-01
9.048270524649761892e-01
9.510565162943983575e-01
9.822872507282318644e-01
9.980267284281171269e-01
9.980267284284256579e-01
9.822872507291472433e-01
9.510565162959164764e-01
9.048270524670680715e-01
8.443279255033311337e-01
7.705132427773688786e-01
6.845471059304905070e-01
5.877852522944676528e-01
4.817536741038950798e-01
3.681245526869847962e-01
2.486898871672517386e-01
1.253332335667530772e-01
2.490327348236690078e-12
-1.253332335618398963e-01
-2.486898871624550755e-01
-3.681245526823538894e-01
-4.817536740995304601e-01
-5.877852522904613020e-01
-6.845471059268598557e-01
-7.705132427741940848e-01
-8.443279255006775896e-01
-9.048270524649474345e-01
-9.510565162943773743e-01
-9.822872507282192078e-01
-9.980267284281129081e-01
-9.980267284284298768e-01
-9.822872507291598998e-01
-9.510565162959374597e-01
-9.048270524670968262e-01
-8.443279255033674380e-01
-7.705132427774119552e-01
-6.845471059305398009e-01
-5.877852522945223868e-01
-4.817536741039543102e-01
-3.681245526870476903e-01
-2.486898871673172140e-01
-1.253332335668201625e-01
-2.557951372813814154e-12
1.253332335617728110e-01
2.486898871623895724e-01
3.681245526822910508e-01
4.817536740994712297e-01
5.877852522904065680e-01
6.845471059268105618e-01
7.705132427741510082e-01
8.443279255006413964e-01
9.048270524649185687e-01
9.510565162943565021e-01
9.822872507282065513e-01
9.980267284281085782e-01
9.980267284284340956e-01
9.822872507291725563e-01
9.510565162959583319e-01
9.048270524671255810e-01
8.443279255034036312e-01
7.705132427774551429e-01
6.845471059305890948e-01
5.877852522945771208e-01
4.817536741039886716e-01
3.681245526871105289e-01
2.486898871673827172e-01
1.253332335668872477e-01
2.625575397390938634e-12
-1.253332335617057258e-01
-2.486898871623240692e-01
-3.681245526822281566e-01
-4.817536740994119437e-01
-5.877852522903518340e-01
-6.845471059267612679e-01
-7.705132427741079315e-01
-8.443279255006052031e-01
-9.048270524648898139e-01
-9.510565162943356299e-01
-9.822872507281938947e-01
-9.980267284281043594e-01
-9.980267284284383145e-01
-9.822872507291852129e-01
-9.510565162959792040e-01
-9.048270524671544468e-01
-8.443279255034398245e-01
-7.705132427774982196e-01
-6.845471059306383887e-01
-5.877852522946318548e-01
-4.817536741040479020e-01
-3.681245526871734230e-01
-2.486898871674482203e-01
-1.253332335669543607e-01
-2.693199421968062711e-12
1.253332335616386128e-01
2.486898871622585661e-01
3.681245526821652625e-01
4.817536740993527133e-01
5.877852522902971000e-01
6.845471059267119740e-01
7.705132427740648549e-01
8.443279255005688988e-01
9.048270524648609481e-01
9.510565162943147577e-01
9.822872507281812382e-01
9.980267284281001405e-01
9.980267284284426443e-01
9.822872507291978694e-01
9.510565162960000762e-01
9.048270524671832016e-01
8.443279255034761288e-01
7.705132427775231996e-01
6.845471059306877937e-01
5.877852522946865887e-01
4.817536741041071879e-01
3.681245526872363172e-01
2.486898871675137235e-01
1.253332335670214459e-01
2.760823446545187191e-12
-1.253332335615715276e-01
-2.486898871621930907e-01
-3.681245526821024239e-01
-4.817536740992934274e-01
-5.877852522902424770e-01
-6.845471059266626801e-01
-7.705132427740216672e-01
-8.443279255005327055e-01
-9.048270524648321933e-01
-9.510565162942937745e-01
-9.822872507281685817e-01
-9.980267284280959217e-01
-9.980267284284468632e-01
-9.822872507292105260e-01
-9.510565162960210595e-01
-9.048270524672119564e-01
-8.443279255035123221e-01
-7.705132427775662762e-01
-6.845471059307370876e-01
-5.877852522947412117e-01
-4.817536741041664738e-01
-3.681245526872991558e-01
-2.486898871675792266e-01
-1.253332335670885311e-01
-2.828447471122311267e-12
1.253332335615044424e-01
2.486898871621275875e-01
3.681245526820395297e-01
4.817536740992341970e-01
5.877852522901877430e-01
6.845471059266133862e-01
7.705132427739785905e-01
8.443279255004964012e-01
9.048270524648034385e-01
9.510565162942729023e-01
9.822872507281559251e-01
9.980267284280915918e-01
9.980267284284510820e-01
9.822872507292231825e-01
9.510565162960331609e-01
9.048270524672408222e-01
8.443279255035486264e-01
7.705132427776094639e-01
6.845471059307863815e-01
5.877852522947959457e-01
4.817536741042257042e-01
3.681245526873620499e-01
2.486898871676447298e-01
1.253332335671556164e-01
2.896071495699435747e-12
-1.253332335614373572e-01
-2.486898871620620843e-01
-3.681245526819766356e-01
-4.817536740991749111e-01
-5.877852522901330090e-01
-6.845471059265640923e-01
-7.705132427739355139e-01
-8.443279255004602080e-01
-9.048270524647745727e-01
-9.510565162942520301e-01
-9.822872507281431576e-01
-9.980267284280873730e-01
-9.980267284284553009e-01
-9.822872507292358391e-01
-9.510565162960540331e-01
-9.048270524672695769e-01
-8.443279255035848196e-01
-7.705132427776525406e-01
-6.845471059308356754e-01
-5.877852522948506797e-01
-4.817536741042849902e-01
-3.681245526874249441e-01
-2.486898871677102330e-01
-1.253332335672227016e-01
-2.963695520276559823e-12
1.253332335613420723e-01
2.486898871619965812e-01
3.681245526819402203e-01
4.817536740991156807e-01
5.877852522900552934e-01
6.845471059265147984e-01
7.705132427739105339e-01
8.443279255004240147e-01
9.048270524647458180e-01
9.510565162942311579e-01
9.822872507281358301e-01
9.980267284280831541e-01
9.980267284284614071e-01
9.822872507292486066e-01
9.510565162960749053e-01
9.048270524672983317e-01
8.443279255036362230e-01
7.705132427776956172e-01
6.845471059308642081e-01
5.877852522949054137e-01
4.817536741043691451e-01
3.681245526874877827e-01
2.486898871677482026e-01
1.253332335672898146e-01
3.031319544853683899e-12
-1.253332335613031590e-01
-2.486898871619310780e-01
-3.681245526818509028e-01
-4.817536740990314703e-01
-5.877852522900235410e-01
-6.845471059264861546e-01
-7.705132427738492495e-01
-8.443279255003725003e-01
-9.048270524647170632e-01
-9.510565162942190565e-01
-9.822872507281178445e-01
-9.980267284280789353e-01
-9.980267284284638496e-01
-9.822872507292559341e-01
-9.510565162960957775e-01
-9.048270524673392989e-01
-8.443279255036573172e-01
-7.705132427777386939e-01
-6.845471059309342632e-01
-5.877852522949831293e-01
-4.817536741044035065e-01
-3.681245526875242535e-01
-2.486898871678412115e-01
-1.253332335673850995e-01
-3.098943569430808379e-12
1.253332335612642734e-01
2.486898871618655749e-01
3.681245526817880087e-01
4.817536740989971644e-01
5.877852522899918997e-01
6.845471059264160996e-01
7.705132427737880763e-01
8.443279255003515171e-01
9.048270524647002988e-01
9.510565162941893025e-01
9.822872507280998589e-01
9.980267284280764928e-01
9.980267284284662921e-01
9.822872507292739197e-01
9.510565162961255314e-01
9.048270524673559523e-01
8.443279255036783004e-01
7.705132427777818815e-01
6.845471059309835571e-01
5.877852522950147707e-01
4.817536741044627369e-01
3.681245526876135710e-01
2.486898871679342482e-01
1.253332335674239850e-01
3.138145884577528447e-12
-1.253332335611689885e-01
-2.486898871617725659e-01
-3.681245526817251701e-01
-4.817536740989628030e-01
-5.877852522899141841e-01
-6.845471059263668057e-01
-7.705132427737630962e-01
-8.443279255003305339e-01
-9.048270524646715440e-01
-9.510565162941596595e-01
-9.822872507280925314e-01
-9.980267284280721629e-01
-9.980267284284722873e-01
-9.822872507292919053e-01
-9.510565162961376329e-01
-9.048270524673727166e-01
-8.443279255037297037e-01
-7.705132427778430548e-01
-6.845471059310328510e-01
-5.877852522950465231e-01
-4.817536741045220228e-01
-3.681245526876764096e-01
-2.486898871679722178e-01
-1.253332335674628706e-01
-3.234191618585056935e-12
1.253332335610737036e-01
2.486898871617345963e-01
3.681245526816886993e-01
4.817536740988786481e-01
5.877852522898364684e-01
6.845471059263175118e-01
7.705132427737381162e-01
8.443279255002790196e-01
9.048270524646306878e-01
9.510565162941475581e-01
9.822872507280852039e-01
9.980267284280679441e-01
9.980267284284783935e-01
9.822872507292992328e-01
9.510565162961585051e-01
9.048270524674135729e-01
8.443279255037812181e-01
7.705132427778680348e-01
6.845471059310613837e-01
5.877852522951242387e-01
4.817536741046061777e-01
3.681245526877393037e-01
2.486898871680101875e-01
1.253332335675581555e-01
3.301815643162181011e-12
-1.253332335610348180e-01
-2.486898871616965989e-01
-3.681245526815993818e-01
-4.817536740987944377e-01
-5.877852522898047161e-01
-6.845471059262889790e-01
-7.705132427736768319e-01
-8.443279255002276162e-01
-9.048270524646139235e-01
-9.510565162941354567e-01
-9.822872507280672183e-01
-9.980267284280619489e-01
-9.980267284284808360e-01
-9.822872507293065603e-01
-9.510565162961793773e-01
-9.048270524674423276e-01
-8.443279255038022013e-01
-7.705132427779111115e-01
-6.845471059311314388e-01
-5.877852522952019543e-01
-4.817536741046405391e-01
-3.681245526877757746e-01
-2.486898871681032241e-01
-1.253332335676534681e-01
-3.369439667739305491e-12
1.253332335609959047e-01
2.486898871616035900e-01
3.681245526815365432e-01
4.817536740987601318e-01
5.877852522897730747e-01
6.845471059262396851e-01
7.705132427736156586e-01
8.443279255002065220e-01
9.048270524645851687e-01
9.510565162941057027e-01
9.822872507280492327e-01
9.980267284280595064e-01
9.980267284284832785e-01
9.822872507293245459e-01
9.510565162962091312e-01
9.048270524674711934e-01
8.443279255038231845e-01
7.705132427779542992e-01
6.845471059311807327e-01
5.877852522952335956e-01
4.817536741046749005e-01
3.681245526878650365e-01
2.486898871681962608e-01
1.253332335676923537e-01
3.408641982886025560e-12
-1.253332335609006198e-01
-2.486898871615105533e-01
-3.681245526815000724e-01
-4.817536740987257704e-01
-5.877852522896953591e-01
-6.845471059261696301e-01
-7.705132427735906786e-01
-8.443279255001855388e-01
-9.048270524645564139e-01
-9.510565162940760597e-01
-9.822872507280417942e-01
-9.980267284280551765e-01
-9.980267284284892737e-01
-9.822872507293426425e-01
-9.510565162962212327e-01
-9.048270524674878468e-01
-8.443279255038746989e-01
-7.705132427780154725e-01
-6.845471059312300266e-01
-5.877852522952653480e-01
-4.817536741047590554e-01
-3.681245526879279306e-01
-2.486898871682342305e-01
-1.253332335677312392e-01
-3.504687716893554047e-12
1.253332335608053349e-01
2.486898871614725837e-01
3.681245526814372337e-01
4.817536740986415600e-01
5.877852522896176435e-01
6.845471059261410973e-01
7.705132427735656986e-01
8.443279255001341355e-01
9.048270524645154467e-01
9.510565162940639583e-01
9.822872507280344667e-01
9.980267284280509577e-01
9.980267284284934926e-01
9.822872507293499700e-01
9.510565162962421049e-01
9.048270524675287030e-01
8.443279255039261022e-01
7.705132427780404525e-01
6.845471059312585593e-01
5.877852522953430636e-01
4.817536741048432103e-01
3.681245526879908248e-01
2.486898871682722001e-01
1.253332335678265241e-01
3.572311741470678123e-12
-1.253332335607664494e-01
-2.486898871614346140e-01
-3.681245526813743396e-01
-4.817536740985574051e-01
-5.877852522895858911e-01
-6.845471059260918034e-01
-7.705132427735044143e-01
-8.443279255000826211e-01
-9.048270524644987933e-01
-9.510565162940518569e-01
-9.822872507280164811e-01
-9.980267284280449624e-01
-9.980267284284978224e-01
-9.822872507293572975e-01
-9.510565162962629771e-01
-9.048270524675575688e-01
-8.443279255039471964e-01
-7.705132427780654325e-01
-6.845471059313286144e-01
-5.877852522954207792e-01
-4.817536741048775717e-01
-3.681245526880272401e-01
-2.486898871683652090e-01
-1.253332335679218090e-01
-3.611514056617398192e-12
1.253332335607275361e-01
2.486898871613415773e-01
3.681245526812850222e-01
4.817536740985230437e-01
5.877852522895542497e-01
6.845471059260425095e-01
7.705132427734432410e-01
8.443279255000616379e-01
9.048270524644700386e-01
9.510565162940222139e-01
9.822872507279984955e-01
9.980267284280425200e-01
9.980267284285002649e-01
9.822872507293752831e-01
9.510565162962926200e-01
9.048270524675863236e-01
8.443279255039681797e-01
7.705132427781267168e-01
6.845471059313779083e-01
5.877852522954524206e-01
4.817536741049119331e-01
3.681245526881165575e-01
2.486898871684582457e-01
1.253332335679607223e-01
3.679138081194522672e-12
-1.253332335606322512e-01
-2.486898871612485684e-01
-3.681245526812486069e-01
-4.817536740984887378e-01
-5.877852522894765341e-01
-6.845471059259724544e-01
-7.705132427734182610e-01
-8.443279255000406547e-01
-9.048270524644411728e-01
-9.510565162940012307e-01
-9.822872507279911680e-01
-9.980267284280381901e-01
-9.980267284285062601e-01
-9.822872507293932687e-01
-9.510565162963048325e-01
-9.048270524676029769e-01
-8.443279255040195830e-01
-7.705132427781878901e-01
-6.845471059314272022e-01
-5.877852522954841730e-01
-4.817536741049960880e-01
-3.681245526881794516e-01
-2.486898871684962153e-01
-1.253332335679996079e-01
-3.746762105771647152e-12
1.253332335605369663e-01
2.486898871612105988e-01
3.681245526811857127e-01
4.817536740984045274e-01
5.877852522893988185e-01
6.845471059259439217e-01
7.705132427733932809e-01
8.443279254999891403e-01
9.048270524644003165e-01
9.510565162939803585e-01
9.822872507279838405e-01
9.980267284280339712e-01
9.980267284285104790e-01
9.822872507294005961e-01
9.510565162963169339e-01
9.048270524676439441e-01
8.443279255040710973e-01
7.705132427782128701e-01
6.845471059314557349e-01
5.877852522955618886e-01
4.817536741050802429e-01
3.681245526882158670e-01
2.486898871685341850e-01
1.253332335680948928e-01
3.842807839779174832e-12
-1.253332335604980807e-01
-2.486898871611726292e-01
-3.681245526811228186e-01
-4.817536740983452970e-01
-5.877852522893670661e-01
-6.845471059258946278e-01
-7.705132427733319966e-01
-8.443279254999377370e-01
-9.048270524643836632e-01
-9.510565162939682571e-01
-9.822872507279658549e-01
-9.980267284280279760e-01
-9.980267284285148088e-01
-9.822872507294079236e-01
-9.510565162963465768e-01
-9.048270524676726989e-01
-8.443279255040920805e-01
-7.705132427782378501e-01
-6.845471059315050288e-01
-5.877852522956396042e-01
-4.817536741051146043e-01
-3.681245526882787611e-01
-2.486898871686272217e-01
-1.253332335681901777e-01
-3.882010154925895304e-12
1.253332335604591952e-01
2.486898871610795925e-01
3.681245526810335567e-01
4.817536740982860111e-01
5.877852522893354248e-01
6.845471059258453339e-01
7.705132427732889200e-01
8.443279254999166428e-01
9.048270524643668988e-01
9.510565162939386141e-01
9.822872507279477583e-01
9.980267284280255335e-01
9.980267284285172513e-01
9.822872507294259092e-01
9.510565162963762198e-01
9.048270524677014537e-01
8.443279255041130638e-01
7.705132427782991345e-01
6.845471059315750839e-01
5.877852522956713566e-01
4.817536741051489657e-01
3.681245526883416552e-01
2.486898871687202583e-01
1.253332335682290632e-01
3.949634179503019784e-12
-1.253332335603639103e-01
-2.486898871609865558e-01
-3.681245526809970858e-01
-4.817536740982516497e-01
-5.877852522892577092e-01
-6.845471059257752788e-01
-7.705132427732458433e-01
-8.443279254998956596e-01
-9.048270524643260426e-01
-9.510565162939176309e-01
-9.822872507279404308e-01
-9.980267284280229800e-01
-9.980267284285232465e-01
-9.822872507294440059e-01
-9.510565162963883212e-01
-9.048270524677182181e-01
-8.443279255041645781e-01
-7.705132427783603077e-01
-6.845471059316036166e-01
-5.877852522957029979e-01
-4.817536741052331206e-01
-3.681245526884309172e-01
-2.486898871687582280e-01
-1.253332335682679766e-01
-4.017258204080144264e-12
1.253332335602967973e-01
2.486898871609485862e-01
3.681245526809341917e-01
4.817536740981674948e-01
5.877852522891799936e-01
6.845471059257467461e-01
7.705132427732208633e-01
8.443279254998442562e-01
9.048270524642851864e-01
9.510565162938967587e-01
9.822872507279331034e-01
9.980267284280169848e-01
9.980267284285274654e-01
9.822872507294513333e-01
9.510565162964005337e-01
9.048270524677469728e-01
8.443279255042159814e-01
7.705132427783852878e-01
6.845471059316529105e-01
5.877852522957807135e-01
4.817536741053172755e-01
3.681245526884673880e-01
2.486898871687961976e-01
1.253332335683632615e-01
4.113303938087671944e-12
-1.253332335602297121e-01
-2.486898871609106165e-01
-3.681245526808713531e-01
-4.817536740981082644e-01
-5.877852522891482412e-01
-6.845471059257181023e-01
-7.705132427731595790e-01
-8.443279254997927419e-01
-9.048270524642684220e-01
-9.510565162938846573e-01
-9.822872507279151177e-01
-9.980267284280109896e-01
-9.980267284285317952e-01
-9.822872507294639899e-01
-9.510565162964301766e-01
-9.048270524677999305e-01
-8.443279255042217546e-01
-7.705132427784102678e-01
-6.845471059317229656e-01
-5.877852522958354475e-01
-4.817536741053516369e-01
-3.681245526885302821e-01
-2.486898871688616730e-01
-1.253332335684585463e-01
-4.180927962664796424e-12
1.253332335602190262e-01
2.486898871608175798e-01
3.681245526807556123e-01
4.817536740980739030e-01
5.877852522891164888e-01
6.845471059256273971e-01
7.705132427731165023e-01
8.443279254997717587e-01
9.048270524642396673e-01
9.510565162938637851e-01
9.822872507278971321e-01
9.980267284280067708e-01
9.980267284285324614e-01
9.822872507294766464e-01
9.510565162964510488e-01
9.048270524678045934e-01
8.443279255042580589e-01
7.705132427784896487e-01
6.845471059317722595e-01
5.877852522958901815e-01
4.817536741054109228e-01
3.681245526885931207e-01
2.486898871689822432e-01
1.253332335684692322e-01
4.191708568381112889e-12
-1.253332335600955416e-01
-2.486898871607521044e-01
-3.681245526807455648e-01
-4.817536740980146170e-01
-5.877852522890618658e-01
-6.845471059255781032e-01
-7.705132427730734257e-01
-8.443279254997355654e-01
-9.048270524642109125e-01
-9.510565162938252604e-01
-9.822872507278951337e-01
-9.980267284280059936e-01
-9.980267284285402329e-01
-9.822872507294893030e-01
-9.510565162964719210e-01
-9.048270524678333482e-01
-8.443279255042942522e-01
-7.705132427785327254e-01
-6.845471059318215534e-01
-5.877852522958988413e-01
-4.817536741054701532e-01
-3.681245526887088615e-01
-2.486898871689926793e-01
-1.253332335685363452e-01
-4.316176011819044576e-12
1.253332335600284564e-01
2.486898871606866013e-01
3.681245526806827262e-01
4.817536740979553866e-01
5.877852522889611686e-01
6.845471059255288093e-01
7.705132427730665423e-01
8.443279254996992611e-01
9.048270524641820467e-01
9.510565162938219297e-01
9.822872507278824772e-01
9.980267284279982221e-01
9.980267284285444518e-01
9.822872507295019595e-01
9.510565162964929042e-01
9.048270524678621030e-01
8.443279255043609766e-01
7.705132427785758020e-01
6.845471059318294360e-01
5.877852522959995385e-01
4.817536741055294391e-01
3.681245526887189090e-01
2.486898871690581825e-01
1.253332335686034305e-01
4.383800036396169056e-12
-1.253332335599613434e-01
-2.486898871606210981e-01
-3.681245526806198320e-01
-4.817536740978463072e-01
-5.877852522889523978e-01
-6.845471059255209267e-01
-7.705132427729871614e-01
-8.443279254996630678e-01
-9.048270524641532919e-01
-9.510565162938010575e-01
-9.822872507278697096e-01
-9.980267284279940032e-01
-9.980267284285487817e-01
-9.822872507295039579e-01
-9.510565162965137764e-01
-9.048270524679151716e-01
-8.443279255043667497e-01
-7.705132427785826854e-01
-6.845471059319201412e-01
-5.877852522960542725e-01
-4.817536741055886695e-01
-3.681245526887817476e-01
-2.486898871691236856e-01
-1.253332335687269150e-01
-4.451424060973293536e-12
1.253332335599506575e-01
2.486898871605555950e-01
3.681245526805040913e-01
4.817536740978368703e-01
5.877852522888976639e-01
6.845471059254302215e-01
7.705132427729440847e-01
8.443279254996268746e-01
9.048270524641245371e-01
9.510565162937801853e-01
9.822872507278463949e-01
9.980267284279897844e-01
9.980267284285494478e-01
9.822872507295273836e-01
9.510565162965346486e-01
9.048270524679197235e-01
8.443279255044029430e-01
7.705132427786620664e-01
6.845471059319694351e-01
5.877852522961090065e-01
4.817536741056479555e-01
3.681245526888446418e-01
2.486898871692442281e-01
1.253332335687376009e-01
4.462204666689610001e-12
-1.253332335598271730e-01
-2.486898871604900918e-01
-3.681245526804940993e-01
-4.817536740977775844e-01
-5.877852522888430409e-01
-6.845471059253809276e-01
-7.705132427729010081e-01
-8.443279254995905703e-01
-9.048270524640956713e-01
-9.510565162937417716e-01
-9.822872507278443965e-01
-9.980267284279890072e-01
-9.980267284285572194e-01
-9.822872507295400402e-01
-9.510565162965555208e-01
-9.048270524679484783e-01
-8.443279255044392473e-01
-7.705132427787051430e-01
-6.845471059320187290e-01
-5.877852522961176662e-01
-4.817536741057071858e-01
-3.681245526889603825e-01
-2.486898871692546920e-01
-1.253332335688046861e-01
-4.586672110127541688e-12
1.253332335597600877e-01
2.486898871604245886e-01
3.681245526804312052e-01
4.817536740977183540e-01
5.877852522887423437e-01
6.845471059253316337e-01
7.705132427728941247e-01
8.443279254995543770e-01
9.048270524640669166e-01
9.510565162937384409e-01
9.822872507278317400e-01
9.980267284279812356e-01
9.980267284285614382e-01
9.822872507295526967e-01
9.510565162965763930e-01
9.048270524679773441e-01
8.443279255045058607e-01
7.705132427787120264e-01
6.845471059320266116e-01
5.877852522962183635e-01
4.817536741057664718e-01
3.681245526889703745e-01
2.486898871693201951e-01
1.253332335688717991e-01
4.654296134704666168e-12
-1.253332335596930025e-01
-2.486898871603590855e-01
-3.681245526803683110e-01
-4.817536740976092746e-01
-5.877852522887335729e-01
-6.845471059253237511e-01
-7.705132427728147437e-01
-8.443279254995180727e-01
-9.048270524640381618e-01
-9.510565162937174577e-01
-9.822872507278190835e-01
-9.980267284279770168e-01
-9.980267284285657681e-01
-9.822872507295546951e-01
-9.510565162965973762e-01
-9.048270524680303017e-01
-8.443279255045116338e-01
-7.705132427787551030e-01
-6.845471059321173168e-01
-5.877852522962730974e-01
-4.817536741058257022e-01
-3.681245526890332687e-01
-2.486898871693856705e-01
-1.253332335689952837e-01
-4.721920159281790648e-12
1.253332335596822888e-01
2.486898871602935823e-01
3.681245526803054724e-01
4.817536740975998377e-01
5.877852522886788389e-01
6.845471059252330459e-01
7.705132427727716671e-01
8.443279254994818794e-01
9.048270524640092960e-01
9.510565162936965855e-01
9.822872507277957688e-01
9.980267284279727980e-01
9.980267284285664342e-01
9.822872507295780098e-01
9.510565162966182484e-01
9.048270524680348537e-01
8.443279255045479381e-01
7.705132427787982907e-01
6.845471059321666107e-01
5.877852522963278314e-01
4.817536741058849881e-01
3.681245526890961628e-01
2.486898871695062407e-01
1.253332335690059696e-01
4.732700764998106305e-12
-1.253332335595588043e-01
-2.486898871602281069e-01
-3.681245526802425783e-01
-4.817536740975405518e-01
-5.877852522886241049e-01
-6.845471059251837520e-01
-7.705132427727285904e-01
-8.443279254994761063e-01
-9.048270524639805412e-01
-9.510565162936581718e-01
-9.822872507277937704e-01
-9.980267284279720208e-01
-9.980267284285742058e-01
-9.822872507295906663e-01
-9.510565162966391206e-01
-9.048270524680637195e-01
-8.443279255045841314e-01
-7.705132427788775606e-01
-6.845471059322159046e-01
-5.877852522963364912e-01
-4.817536741059442185e-01
-3.681245526891590014e-01
-2.486898871695166768e-01
-1.253332335690730548e-01
-4.857168208436038800e-12
1.253332335594917191e-01
2.486898871601626038e-01
3.681245526801796841e-01
4.817536740974813214e-01
5.877852522885234077e-01
6.845471059251344581e-01
7.705132427727217070e-01
8.443279254994093819e-01
9.048270524639516754e-01
9.510565162936548411e-01
9.822872507277810028e-01
9.980267284279678019e-01
9.980267284285784246e-01
9.822872507296033229e-01
9.510565162966599928e-01
9.048270524680924742e-01
8.443279255046508558e-01
7.705132427788844440e-01
6.845471059322237872e-01
5.877852522964371884e-01
4.817536741060035044e-01
3.681245526892218956e-01
2.486898871695821800e-01
1.253332335691401400e-01
4.924792233013163280e-12
-1.253332335594246338e-01
-2.486898871601521399e-01
-3.681245526801168455e-01
-4.817536740973722420e-01
-5.877852522885147479e-01
-6.845471059251265755e-01
-7.705132427726423261e-01
-8.443279254993731886e-01
-9.048270524639229206e-01
-9.510565162936338579e-01
-9.822872507277683463e-01
-9.980267284279600304e-01
-9.980267284285827545e-01
-9.822872507296054323e-01
-9.510565162966809760e-01
-9.048270524681454319e-01
-8.443279255046566290e-01
-7.705132427789275207e-01
-6.845471059323144924e-01
-5.877852522964919224e-01
-4.817536741060627348e-01
-3.681245526892847897e-01
-2.486898871696476832e-01
-1.253332335692636246e-01
-4.992416257590287760e-12
1.253332335594139202e-01
2.486898871600315974e-01
3.681245526800539514e-01
4.817536740973628051e-01
5.877852522884600139e-01
6.845471059250358703e-01
7.705132427725992494e-01
8.443279254993369953e-01
9.048270524638941659e-01
9.510565162936129857e-01
9.822872507277450316e-01
9.980267284279593643e-01
9.980267284285834206e-01
9.822872507296287470e-01
9.510565162967018482e-01
9.048270524681500948e-01
8.443279255046928222e-01
7.705132427789707084e-01
6.845471059323637864e-01
5.877852522965466564e-01
4.817536741061220207e-01
3.681245526893476283e-01
2.486898871697682256e-01
1.253332335692743382e-01
5.003196863306603418e-12
-1.253332335592904356e-01
-2.486898871599660943e-01
-3.681245526799910572e-01
-4.817536740973035192e-01
-5.877852522884052799e-01
-6.845471059249865764e-01
-7.705132427725561728e-01
-8.443279254993311111e-01
-9.048270524638653001e-01
-9.510565162935745720e-01
-9.822872507277430332e-01
-9.980267284279550344e-01
-9.980267284285911922e-01
-9.822872507296414035e-01
-9.510565162967227204e-01
-9.048270524681788496e-01
-8.443279255047291265e-01
-7.705132427790499783e-01
-6.845471059324130803e-01
-5.877852522965553161e-01
-4.817536741061812511e-01
-3.681245526894105224e-01
-2.486898871697786895e-01
-1.253332335693414235e-01
-5.127664306744535912e-12
1.253332335592233504e-01
2.486898871599005911e-01
3.681245526799282186e-01
4.817536740972442888e-01
5.877852522883045827e-01
6.845471059249786938e-01
7.705132427725492894e-01
8.443279254992644978e-01
9.048270524638365453e-01
9.510565162935712413e-01
9.822872507277303766e-01
9.980267284279508155e-01
9.980267284285954110e-01
9.822872507296540601e-01
9.510565162967435926e-01
9.048270524682076044e-01
8.443279255047957399e-01
7.705132427790568617e-01
6.845471059324209628e-01
5.877852522966560134e-01
4.817536741062405370e-01
3.681245526894733611e-01
2.486898871698441649e-01
1.253332335694085087e-01
5.195288331321660392e-12
-1.253332335591562652e-01
-2.486898871598901550e-01
-3.681245526798653245e-01
-4.817536740971352094e-01
-5.877852522882959230e-01
-6.845471059249293999e-01
-7.705132427724699085e-01
-8.443279254992281935e-01
-9.048270524638077905e-01
-9.510565162935503691e-01
-9.822872507277177201e-01
-9.980267284279430440e-01
-9.980267284285997409e-01
-9.822872507296560585e-01
-9.510565162967644648e-01
-9.048270524682364702e-01
-8.443279255048015131e-01
-7.705132427790999383e-01
-6.845471059325116681e-01
-5.877852522967107474e-01
-4.817536741062997674e-01
-3.681245526895362552e-01
-2.486898871699096680e-01
-1.253332335695319932e-01
-5.262912355898784065e-12
1.253332335591455793e-01
2.486898871597695848e-01
3.681245526798024303e-01
4.817536740971257725e-01
5.877852522882411890e-01
6.845471059248801060e-01
7.705132427724268318e-01
8.443279254991920002e-01
9.048270524637789247e-01
9.510565162935293859e-01
9.822872507276944054e-01
9.980267284279423778e-01
9.980267284286004070e-01
9.822872507296793732e-01
9.510565162967854480e-01
9.048270524682652249e-01
8.443279255048378173e-01
7.705132427791431260e-01
6.845471059325609620e-01
5.877852522967654814e-01
4.817536741063092598e-01
3.681245526895991493e-01
2.486898871700302383e-01
1.253332335695427069e-01
5.273692961615100530e-12
-1.253332335590220947e-01
-2.486898871597041094e-01
-3.681245526797395917e-01
-4.817536740970664866e-01
-5.877852522881864550e-01
-6.845471059247894008e-01
-7.705132427723836441e-01
-8.443279254991862270e-01
-9.048270524637501699e-01
-9.510565162935085137e-01
-9.822872507276924070e-01
-9.980267284279380480e-01
-9.980267284286081786e-01
-9.822872507296920297e-01
-9.510565162968063202e-01
-9.048270524682939797e-01
-8.443279255048740106e-01
-7.705132427792223959e-01
-6.845471059326102559e-01
-5.877852522967742521e-01
-4.817536741064182837e-01
-3.681245526896619880e-01
-2.486898871700406743e-01
-1.253332335696097921e-01
-5.341316986192225010e-12
1.253332335589549817e-01
2.486898871596386063e-01
3.681245526796766976e-01
4.817536740970072562e-01
5.877852522880857578e-01
6.845471059247815182e-01
7.705132427723768718e-01
8.443279254991195026e-01
9.048270524637214152e-01
9.510565162934876415e-01
9.822872507276796394e-01
9.980267284279338291e-01
9.980267284286123974e-01
9.822872507297046862e-01
9.510565162968096509e-01
9.048270524683228455e-01
8.443279255049407350e-01
7.705132427792292793e-01
6.845471059326181384e-01
5.877852522968749494e-01
4.817536741064775696e-01
3.681245526897248821e-01
2.486898871701061775e-01
1.253332335696768773e-01
5.465784429630157505e-12
-1.253332335588878965e-01
-2.486898871596281702e-01
-3.681245526796138035e-01
-4.817536740968981768e-01
-5.877852522880770980e-01
-6.845471059247322243e-01
-7.705132427722974908e-01
-8.443279254990833094e-01
-9.048270524636925494e-01
-9.510565162934667693e-01
-9.822872507276669829e-01
-9.980267284279260576e-01
-9.980267284286167273e-01
-9.822872507297067957e-01
-9.510565162968480646e-01
-9.048270524683516003e-01
-8.443279255049465082e-01
-7.705132427792723560e-01
-6.845471059327088437e-01
-5.877852522969295723e-01
-4.817536741065368000e-01
-3.681245526897877762e-01
-2.486898871701716807e-01
-1.253332335698003619e-01
-5.476565035346473162e-12
1.253332335588772106e-01
2.486898871595075999e-01
3.681245526795509648e-01
4.817536740968886844e-01
5.877852522880223640e-01
6.845471059246829304e-01
7.705132427722544142e-01
8.443279254990471161e-01
9.048270524636637946e-01
9.510565162934457861e-01
9.822872507276436682e-01
9.980267284279253914e-01
9.980267284286173934e-01
9.822872507297301103e-01
9.510565162968690478e-01
9.048270524683804661e-01
8.443279255049827015e-01
7.705132427793155436e-01
6.845471059327581376e-01
5.877852522969843063e-01
4.817536741065462924e-01
3.681245526898506149e-01
2.486898871702922231e-01
1.253332335698110478e-01
5.544189059923597642e-12
-1.253332335587537261e-01
-2.486898871594420968e-01
-3.681245526794880707e-01
-4.817536740968294540e-01
-5.877852522879676300e-01
-6.845471059245922252e-01
-7.705132427722112265e-01
-8.443279254990412319e-01
-9.048270524636350398e-01
-9.510565162934249139e-01
-9.822872507276416698e-01
-9.980267284279210616e-01
-9.980267284286251650e-01
-9.822872507297427669e-01
-9.510565162968899200e-01
-9.048270524684092209e-01
-8.443279255050190057e-01
-7.705132427793948136e-01
-6.845471059328074315e-01
-5.877852522969930771e-01
-4.817536741066553163e-01
-3.681245526899135090e-01
-2.486898871703026870e-01
-1.253332335698781608e-01
-5.611813084500722122e-12
1.253332335586866408e-01
2.486898871593765936e-01
3.681245526794251766e-01
4.817536740967701681e-01
5.877852522878669328e-01
6.845471059245843426e-01
7.705132427722044541e-01
8.443279254989746185e-01
9.048270524636061740e-01
9.510565162934040417e-01
9.822872507276290133e-01
9.980267284279168427e-01
9.980267284286293838e-01
9.822872507297554234e-01
9.510565162968932507e-01
9.048270524684379756e-01
8.443279255050856191e-01
7.705132427794016969e-01
6.845471059328153141e-01
5.877852522970937743e-01
4.817536741067146022e-01
3.681245526899764031e-01
2.486898871703681624e-01
1.253332335699452460e-01
5.736280527938653809e-12
-1.253332335586195279e-01
-2.486898871593661575e-01
-3.681245526793623379e-01
-4.817536740967109377e-01
-5.877852522878582731e-01
-6.845471059245350487e-01
-7.705132427721250732e-01
-8.443279254989383142e-01
-9.048270524635774192e-01
-9.510565162933831695e-01
-9.822872507276163567e-01
-9.980267284279090712e-01
-9.980267284286337137e-01
-9.822872507297574218e-01
-9.510565162969316644e-01
-9.048270524684668414e-01
-8.443279255050913923e-01
-7.705132427794447736e-01
-6.845471059328646080e-01
-5.877852522971483973e-01
-4.817536741067738881e-01
-3.681245526900392417e-01
-2.486898871704336655e-01
-1.253332335700687306e-01
-5.747061133654970274e-12
1.253332335586088420e-01
2.486898871592456151e-01
3.681245526792994438e-01
4.817536740966516517e-01
5.877852522878035391e-01
6.845471059244857548e-01
7.705132427720819965e-01
8.443279254989021210e-01
9.048270524635728673e-01
9.510565162933622974e-01
9.822872507275930420e-01
9.980267284279084050e-01
9.980267284286343799e-01
9.822872507297807365e-01
9.510565162969525366e-01
9.048270524684955962e-01
8.443279255051276966e-01
7.705132427794879613e-01
6.845471059329553132e-01
5.877852522972031313e-01
4.817536741067833250e-01
3.681245526901021359e-01
2.486898871705542358e-01
1.253332335700794165e-01
5.814685158232094754e-12
-1.253332335584853574e-01
-2.486898871591801119e-01
-3.681245526792365497e-01
-4.817536740965924213e-01
-5.877852522877488051e-01
-6.845471059243950496e-01
-7.705132427720388089e-01
-8.443279254988963478e-01
-9.048270524635197987e-01
-9.510565162933413141e-01
-9.822872507275909326e-01
-9.980267284279041862e-01
-9.980267284286421514e-01
-9.822872507297933931e-01
-9.510565162969735198e-01
-9.048270524685243510e-01
-8.443279255051638899e-01
-7.705132427795672312e-01
-6.845471059329631958e-01
-5.877852522972119020e-01
-4.817536741068924044e-01
-3.681245526901650300e-01
-2.486898871705646719e-01
-1.253332335701465017e-01
-5.882309182809219234e-12
1.253332335584182722e-01
2.486898871591146087e-01
3.681245526791737110e-01
4.817536740965331354e-01
5.877852522876481078e-01
6.845471059243871670e-01
7.705132427720320365e-01
8.443279254988296234e-01
9.048270524634910439e-01
9.510565162933204419e-01
9.822872507275782761e-01
9.980267284278998563e-01
9.980267284286463703e-01
9.822872507298061606e-01
9.510565162969768505e-01
9.048270524685532168e-01
8.443279255052306143e-01
7.705132427795741146e-01
6.845471059330124897e-01
5.877852522973125993e-01
4.817536741069516348e-01
3.681245526902278686e-01
2.486898871706301750e-01
1.253332335702136147e-01
6.006776626247150921e-12
-1.253332335583511870e-01
-2.486898871591041726e-01
-3.681245526791108169e-01
-4.817536740964739050e-01
-5.877852522876394481e-01
-6.845471059243378731e-01
-7.705132427719526556e-01
-8.443279254987934301e-01
-9.048270524634622891e-01
-9.510565162932995698e-01
-9.822872507275656195e-01
-9.980267284278920847e-01
-9.980267284286470364e-01
-9.822872507298081590e-01
-9.510565162970152642e-01
-9.048270524685819716e-01
-8.443279255052363874e-01
-7.705132427796171912e-01
-6.845471059330617836e-01
-5.877852522973673333e-01
-4.817536741070109207e-01
-3.681245526902907628e-01
-2.486898871706956782e-01
-1.253332335703370992e-01
-6.017557231963467386e-12
1.253332335583404733e-01
2.486898871589836024e-01
3.681245526790479228e-01
4.817536740964146191e-01
5.877852522875847141e-01
6.845471059242885792e-01
7.705132427719095789e-01
8.443279254987572369e-01
9.048270524634576262e-01
9.510565162932786976e-01
9.822872507275423049e-01
9.980267284278914186e-01
9.980267284286513663e-01
9.822872507298314737e-01
9.510565162970361364e-01
9.048270524686107263e-01
8.443279255052725807e-01
7.705132427796603789e-01
6.845471059331524888e-01
5.877852522974219562e-01
4.817536741070203576e-01
3.681245526903536569e-01
2.486898871707611813e-01
1.253332335703477851e-01
6.085181256540591866e-12
-1.253332335582169887e-01
-2.486898871589180993e-01
-3.681245526789850842e-01
-4.817536740963553887e-01
-5.877852522875299801e-01
-6.845471059241978740e-01
-7.705132427718663912e-01
-8.443279254987514637e-01
-9.048270524634046685e-01
-9.510565162932577143e-01
-9.822872507275403064e-01
-9.980267284278871998e-01
-9.980267284286555851e-01
-9.822872507298441302e-01
-9.510565162970571196e-01
-9.048270524686395921e-01
-8.443279255053088850e-01
-7.705132427797396488e-01
-6.845471059331603714e-01
-5.877852522974307270e-01
-4.817536741071294371e-01
-3.681245526904164955e-01
-2.486898871708266567e-01
-1.253332335704148703e-01
-6.152805281117716346e-12
1.253332335581499035e-01
2.486898871588525961e-01
3.681245526789750366e-01
4.817536740962961028e-01
5.877852522874292829e-01
6.845471059241899914e-01
7.705132427718596189e-01
8.443279254986847393e-01
9.048270524633759138e-01
9.510565162932368422e-01
9.822872507275276499e-01
9.980267284278828699e-01
9.980267284286633567e-01
9.822872507298567868e-01
9.510565162970604502e-01
9.048270524686683469e-01
8.443279255053450782e-01
7.705132427797465322e-01
6.845471059332096653e-01
5.877852522975314242e-01
4.817536741071886675e-01
3.681245526904793897e-01
2.486898871708921599e-01
1.253332335704819556e-01
6.277272724555648033e-12
-1.253332335580828183e-01
-2.486898871588421600e-01
-3.681245526788592959e-01
-4.817536740962368724e-01
-5.877852522874205121e-01
-6.845471059241406975e-01
-7.705132427718164312e-01
-8.443279254986484350e-01
-9.048270524633470480e-01
-9.510565162932159700e-01
-9.822872507275149934e-01
-9.980267284278750983e-01
-9.980267284286640228e-01
-9.822872507298587852e-01
-9.510565162970988640e-01
-9.048270524686971017e-01
-8.443279255053812715e-01
-7.705132427797897199e-01
-6.845471059332589592e-01
-5.877852522975861582e-01
-4.817536741072479534e-01
-3.681245526904894372e-01
-2.486898871709576631e-01
-1.253332335706054401e-01
-6.288053330271964499e-12
1.253332335580721046e-01
2.486898871587216175e-01
3.681245526787964573e-01
4.817536740961775865e-01
5.877852522873658891e-01
6.845471059240914036e-01
7.705132427717371613e-01
8.443279254986122417e-01
9.048270524633424960e-01
9.510565162931950978e-01
9.822872507274916787e-01
9.980267284278744322e-01
9.980267284286683527e-01
9.822872507298820999e-01
9.510565162971197362e-01
9.048270524687259675e-01
8.443279255054175758e-01
7.705132427798327965e-01
6.845471059333496644e-01
5.877852522976407812e-01
4.817536741072573903e-01
3.681245526906051224e-01
2.486898871710231662e-01
1.253332335706161538e-01
6.355677354849088979e-12
-1.253332335579486201e-01
-2.486898871586561144e-01
-3.681245526787335631e-01
-4.817536740961183561e-01
-5.877852522873111552e-01
-6.845471059240006984e-01
-7.705132427717302779e-01
-8.443279254986064686e-01
-9.048270524632895384e-01
-9.510565162931742256e-01
-9.822872507274895693e-01
-9.980267284278702133e-01
-9.980267284286725715e-01
-9.822872507298947564e-01
-9.510565162971406084e-01
-9.048270524687547223e-01
-8.443279255054537691e-01
-7.705132427799120665e-01
-6.845471059333575470e-01
-5.877852522976495520e-01
-4.817536741073664697e-01
-3.681245526906680166e-01
-2.486898871710886694e-01
-1.253332335706832390e-01
-6.423301379426212651e-12
1.253332335578815349e-01
2.486898871585906112e-01
3.681245526787235711e-01
4.817536740960590702e-01
5.877852522872104579e-01
6.845471059239928158e-01
7.705132427716870902e-01
8.443279254985397442e-01
9.048270524632606726e-01
9.510565162931532424e-01
9.822872507274769127e-01
9.980267284278658835e-01
9.980267284286803431e-01
9.822872507299075240e-01
9.510565162971439390e-01
9.048270524687834770e-01
8.443279255054900734e-01
7.705132427799189498e-01
6.845471059334068409e-01
5.877852522977502492e-01
4.817536741074257001e-01
3.681245526907309107e-01
2.486898871711541725e-01
1.253332335707503242e-01
6.547768822864145146e-12
-1.253332335578708490e-01
-2.486898871585801751e-01
-3.681245526786078304e-01
-4.817536740959998398e-01
-5.877852522872016872e-01
-6.845471059239435219e-01
-7.705132427716440136e-01
-8.443279254985035509e-01
-9.048270524632319178e-01
-9.510565162931323702e-01
-9.822872507274642562e-01
-9.980267284278581119e-01
-9.980267284286810092e-01
-9.822872507299095224e-01
-9.510565162971824638e-01
-9.048270524688123428e-01
-8.443279255055262666e-01
-7.705132427799621375e-01
-6.845471059334561348e-01
-5.877852522978049832e-01
-4.817536741074849860e-01
-3.681245526907409027e-01
-2.486898871712196757e-01
-1.253332335708738088e-01
-6.558549428580461611e-12
1.253332335578037637e-01
2.486898871584596049e-01
3.681245526785449362e-01
4.817536740959405539e-01
5.877852522871470642e-01
6.845471059238942280e-01
7.705132427715647436e-01
8.443279254984673576e-01
9.048270524632273659e-01
9.510565162931114980e-01
9.822872507274515996e-01
9.980267284278574458e-01
9.980267284286853391e-01
9.822872507299328371e-01
9.510565162972033360e-01
9.048270524688410976e-01
8.443279255055624599e-01
7.705132427800052142e-01
6.845471059335468400e-01
5.877852522978597172e-01
4.817536741074944229e-01
3.681245526908566434e-01
2.486898871712851788e-01
1.253332335708845224e-01
6.626173453157586091e-12
-1.253332335577366508e-01
-2.486898871583941018e-01
-3.681245526784820976e-01
-4.817536740958813235e-01
-5.877852522870923302e-01
-6.845471059238035227e-01
-7.705132427715578602e-01
-8.443279254984615845e-01
-9.048270524631742973e-01
-9.510565162930906258e-01
-9.822872507274389431e-01
-9.980267284278532269e-01
-9.980267284286895579e-01
-9.822872507299454936e-01
-9.510565162972242081e-01
-9.048270524688456495e-01
-8.443279255055987642e-01
-7.705132427800844841e-01
-6.845471059335547226e-01
-5.877852522978683769e-01
-4.817536741076035023e-01
-3.681245526909195376e-01
-2.486898871713506542e-01
-1.253332335709516077e-01
-6.693797477734709763e-12
1.253332335576131662e-01
2.486898871583285986e-01
3.681245526784720501e-01
4.817536740958220376e-01
5.877852522869916330e-01
6.845471059237956402e-01
7.705132427715146726e-01
8.443279254983948601e-01
9.048270524631455425e-01
9.510565162930696426e-01
9.822872507274262865e-01
9.980267284278488971e-01
9.980267284286973295e-01
9.822872507299581502e-01
9.510565162972275388e-01
9.048270524688987182e-01
8.443279255056349575e-01
7.705132427800913675e-01
6.845471059336040165e-01
5.877852522979690741e-01
4.817536741076627327e-01
3.681245526909823762e-01
2.486898871714161574e-01
1.253332335710186929e-01
6.818264921172642258e-12
-1.253332335576024803e-01
-2.486898871583181625e-01
-3.681245526783563093e-01
-4.817536740957628072e-01
-5.877852522869828622e-01
-6.845471059237463463e-01
-7.705132427714715959e-01
-8.443279254983585558e-01
-9.048270524631167877e-01
-9.510565162930487704e-01
-9.822872507274136300e-01
-9.980267284278411255e-01
-9.980267284286979956e-01
-9.822872507299601486e-01
-9.510565162972660636e-01
-9.048270524689274730e-01
-8.443279255056711508e-01
-7.705132427801345552e-01
-6.845471059336533104e-01
-5.877852522980238081e-01
-4.817536741077220186e-01
-3.681245526909924237e-01
-2.486898871714816606e-01
-1.253332335711421774e-01
-6.829045526888958723e-12
1.253332335575353951e-01
2.486898871581976200e-01
3.681245526782934707e-01
4.817536740957035213e-01
5.877852522869281282e-01
6.845471059236970524e-01
7.705132427713923260e-01
8.443279254983223625e-01
9.048270524631121248e-01
9.510565162930278982e-01
9.822872507274008624e-01
9.980267284278404594e-01
9.980267284287023255e-01
9.822872507299834632e-01
9.510565162972869357e-01
9.048270524689562277e-01
8.443279255057074550e-01
7.705132427801776318e-01
6.845471059337441266e-01
5.877852522980324679e-01
4.817536741077314555e-01
3.681245526911081645e-01
2.486898871715471637e-01
1.253332335711528633e-01
6.896669551466082395e-12
-1.253332335574683098e-01
-2.486898871581321169e-01
-3.681245526782305766e-01
-4.817536740956442909e-01
-5.877852522868735052e-01
-6.845471059236063471e-01
-7.705132427713854426e-01
-8.443279254983165893e-01
-9.048270524630591671e-01
-9.510565162930070260e-01
-9.822872507273882059e-01
-9.980267284278362405e-01
-9.980267284287065443e-01
-9.822872507299962308e-01
-9.510565162973078079e-01
-9.048270524689608907e-01
-8.443279255057436483e-01
-7.705132427802569017e-01
-6.845471059337518982e-01
-5.877852522980872019e-01
-4.817536741078405349e-01
-3.681245526911710031e-01
-2.486898871716126669e-01
-1.253332335712199763e-01
-6.964293576043206875e-12
1.253332335573448253e-01
2.486898871580666137e-01
3.681245526782205291e-01
4.817536740955850050e-01
5.877852522868187712e-01
6.845471059235984645e-01
7.705132427713422549e-01
8.443279254982498649e-01
9.048270524630303013e-01
9.510565162929861538e-01
9.822872507273755494e-01
9.980267284278319107e-01
9.980267284287143159e-01
9.822872507300088873e-01
9.510565162973111386e-01
9.048270524690138483e-01
8.443279255057799526e-01
7.705132427802637851e-01
6.845471059338011921e-01
5.877852522981419359e-01
4.817536741078997653e-01
3.681245526912338972e-01
2.486898871716781700e-01
1.253332335712870615e-01
7.088761019481139370e-12
-1.253332335573341116e-01
-2.486898871580561776e-01
-3.681245526781048438e-01
-4.817536740955257191e-01
-5.877852522867640372e-01
-6.845471059235491706e-01
-7.705132427712991783e-01
-8.443279254982136717e-01
-9.048270524630015466e-01
-9.510565162929828231e-01
-9.822872507273628928e-01
-9.980267284278241391e-01
-9.980267284287149820e-01
-9.822872507300108857e-01
-9.510565162973496633e-01
-9.048270524690426031e-01
-8.443279255058161459e-01
-7.705132427803069728e-01
-6.845471059338504860e-01
-5.877852522982426331e-01
-4.817536741079590512e-01
-3.681245526912439447e-01
-2.486898871717436732e-01
-1.253332335713541468e-01
-7.099541625197455835e-12
1.253332335572670264e-01
2.486898871579356074e-01
3.681245526780419497e-01
4.817536740954664887e-01
5.877852522867093032e-01
6.845471059234998767e-01
7.705132427712199084e-01
8.443279254981774784e-01
9.048270524629969946e-01
9.510565162929442984e-01
9.822872507273502363e-01
9.980267284278234730e-01
9.980267284287193119e-01
9.822872507300235423e-01
9.510565162973705355e-01
9.048270524690714689e-01
8.443279255058523391e-01
7.705132427803500494e-01
6.845471059339413022e-01
5.877852522982514039e-01
4.817536741079684881e-01
3.681245526913596300e-01
2.486898871718091764e-01
1.253332335714212320e-01
7.167165649774579507e-12
-1.253332335571999412e-01
-2.486898871578701042e-01
-3.681245526779790556e-01
-4.817536740954570518e-01
-5.877852522866546803e-01
-6.845471059234090605e-01
-7.705132427712130250e-01
-8.443279254981717052e-01
-9.048270524629439260e-01
-9.510565162929234262e-01
-9.822872507273375797e-01
-9.980267284278192541e-01
-9.980267284287235308e-01
-9.822872507300468570e-01
-9.510565162973914077e-01
-9.048270524690760208e-01
-8.443279255058886434e-01
-7.705132427804293194e-01
-6.845471059339490738e-01
-5.877852522983060268e-01
-4.817536741080775675e-01
-3.681245526914225241e-01
-2.486898871718746518e-01
-1.253332335714883172e-01
-7.234789674351703987e-12
1.253332335570764566e-01
2.486898871578596681e-01
3.681245526779690636e-01
4.817536740953479724e-01
5.877852522865999463e-01
6.845471059233597666e-01
7.705132427711698373e-01
8.443279254981049808e-01
9.048270524629151712e-01
9.510565162929200955e-01
9.822872507273249232e-01
9.980267284278149242e-01
9.980267284287313023e-01
9.822872507300595135e-01
9.510565162973947384e-01
9.048270524691289785e-01
8.443279255059248367e-01
7.705132427804000095e-01
6.845471059339983677e-01
5.877852522983607608e-01
4.817536741081368534e-01
3.681245526915382649e-01
2.486898871719401549e-01
1.253332335715554302e-01
7.359257117789635674e-12
-1.253332335570657430e-01
-2.486898871577941650e-01
-3.681245526778533228e-01
-4.817536740952886865e-01
-5.877852522864992491e-01
-6.845471059233519950e-01
-7.705132427711267606e-01
-8.443279254980686765e-01
-9.048270524629106193e-01
-9.510565162928992233e-01
-9.822872507273122666e-01
-9.980267284278071527e-01
-9.980267284287355212e-01
-9.822872507300615119e-01
-9.510565162974332631e-01
-9.048270524691578442e-01
-8.443279255059306099e-01
-7.705132427804793904e-01
-6.845471059340476616e-01
-5.877852522984614581e-01
-4.817536741081960838e-01
-3.681245526914954103e-01
-2.486898871720056581e-01
-1.253332335716225154e-01
-7.313194304645144933e-12
1.253332335569986578e-01
2.486898871576736225e-01
3.681245526777904287e-01
4.817536740951796626e-01
5.877852522864904783e-01
6.845471059233027011e-01
7.705132427710474907e-01
8.443279254980629034e-01
9.048270524628817535e-01
9.510565162928606986e-01
9.822872507272994991e-01
9.980267284278029338e-01
9.980267284287362983e-01
9.822872507300742795e-01
9.510565162974541353e-01
9.048270524691623962e-01
8.443279255059973343e-01
7.705132427805224671e-01
6.845471059341384779e-01
5.877852522985161920e-01
4.817536741082055207e-01
3.681245526916111510e-01
2.486898871720711612e-01
1.253332335716332013e-01
7.437661748083076620e-12
-1.253332335569315725e-01
-2.486898871576081194e-01
-3.681245526777275900e-01
-4.817536740952200192e-01
-5.877852522864357443e-01
-6.845471059232118849e-01
-7.705132427710406073e-01
-8.443279254980267101e-01
-9.048270524628287959e-01
-9.510565162928398264e-01
-9.822872507272761844e-01
-9.980267284278022677e-01
-9.980267284287405172e-01
-9.822872507300975942e-01
-9.510565162974574660e-01
-9.048270524691911509e-01
-8.443279255060335275e-01
-7.705132427805655437e-01
-6.845471059341877718e-01
-5.877852522985248518e-01
-4.817536741083146001e-01
-3.681245526916740451e-01
-2.486898871720815973e-01
-1.253332335717566859e-01
-7.505285772660200292e-12
1.253332335568080880e-01
2.486898871575426162e-01
3.681245526777175425e-01
4.817536740951109397e-01
5.877852522863811213e-01
6.845471059232455247e-01
7.705132427709974197e-01
8.443279254979905168e-01
9.048270524628000411e-01
9.510565162928014127e-01
9.822872507272741860e-01
9.980267284277979378e-01
9.980267284287482887e-01
9.822872507300995926e-01
9.510565162974783382e-01
9.048270524692442196e-01
8.443279255060698318e-01
7.705132427806449247e-01
6.845471059341956543e-01
5.877852522985795858e-01
4.817536741083738860e-01
3.681245526916840372e-01
2.486898871721471005e-01
1.253332335718237711e-01
7.629753216098133594e-12
-1.253332335567410027e-01
-2.486898871575321801e-01
-3.681245526776018018e-01
-4.817536740950516538e-01
-5.877852522863723506e-01
-6.845471059231548194e-01
-7.705132427709543430e-01
-8.443279254979237924e-01
-9.048270524627711753e-01
-9.510565162928156235e-01
-9.822872507272615294e-01
-9.980267284277937190e-01
-9.980267284287454022e-01
-9.822872507301122491e-01
-9.510565162975168629e-01
-9.048270524692729744e-01
-8.443279255061364452e-01
-7.705132427806518081e-01
-6.845471059342449482e-01
-5.877852522986802830e-01
-4.817536741083833229e-01
-3.681245526917469313e-01
-2.486898871722676707e-01
-1.253332335718908841e-01
-7.697377240675257267e-12
1.253332335567302891e-01
2.486898871574666769e-01
3.681245526775389632e-01
4.817536740950422169e-01
5.877852522862716533e-01
6.845471059231055255e-01
7.705132427708749621e-01
8.443279254978875992e-01
9.048270524627666234e-01
9.510565162927770988e-01
9.822872507272488729e-01
9.980267284277930528e-01
9.980267284287532847e-01
9.822872507301249057e-01
9.510565162975377351e-01
9.048270524693260430e-01
8.443279255061117983e-01
7.705132427806948847e-01
6.845471059343356535e-01
5.877852522986890538e-01
4.817536741084425533e-01
3.681245526918626720e-01
2.486898871723331461e-01
1.253332335720143687e-01
7.708157846391574540e-12
-1.253332335566632039e-01
-2.486898871573461067e-01
-3.681245526775289156e-01
-4.817536740949829865e-01
-5.877852522862169193e-01
-6.845471059230147093e-01
-7.705132427708318854e-01
-8.443279254978818260e-01
-9.048270524627136657e-01
-9.510565162927562266e-01
-9.822872507272468745e-01
-9.980267284277852813e-01
-9.980267284287575036e-01
-9.822872507301482203e-01
-9.510565162975586073e-01
-9.048270524693063921e-01
-8.443279255061785227e-01
-7.705132427807379614e-01
-6.845471059343020137e-01
-5.877852522987436767e-01
-4.817536741085516327e-01
-3.681245526919255107e-01
-2.486898871724537163e-01
-1.253332335720250545e-01
-7.775781870968698212e-12
1.253332335565397193e-01
2.486898871573356706e-01
3.681245526774660215e-01
4.817536740948739071e-01
5.877852522861622964e-01
6.845471059229654154e-01
7.705132427708250020e-01
8.443279254978455217e-01
9.048270524626847999e-01
9.510565162927528959e-01
9.822872507272235598e-01
9.980267284277809514e-01
9.980267284287652751e-01
9.822872507301608769e-01
9.510565162975619380e-01
9.048270524693593497e-01
8.443279255062147159e-01
7.705132427807448448e-01
6.845471059343928300e-01
5.877852522987984107e-01
4.817536741086109187e-01
3.681245526919884048e-01
2.486898871724091131e-01
1.253332335720921398e-01
7.900249314406629899e-12
-1.253332335565290334e-01
-2.486898871572701675e-01
-3.681245526773503363e-01
-4.817536740948146212e-01
-5.877852522860615991e-01
-6.845471059229576438e-01
-7.705132427707819254e-01
-8.443279254977787973e-01
-9.048270524626802480e-01
-9.510565162927320237e-01
-9.822872507272107923e-01
-9.980267284277767326e-01
-9.980267284287694940e-01
-9.822872507301628753e-01
-9.510565162976003517e-01
-9.048270524693882155e-01
-8.443279255062204891e-01
-7.705132427808242257e-01
-6.845471059344421239e-01
-5.877852522988991080e-01
-4.817536741086701491e-01
-3.681245526919983968e-01
-2.486898871725296556e-01
-1.253332335721592250e-01
-7.854186501262139157e-12
1.253332335564619482e-01
2.486898871572046643e-01
3.681245526772874421e-01
4.817536740947055418e-01
5.877852522860528284e-01
6.845471059229082389e-01
7.705132427707025444e-01
8.443279254977730242e-01
9.048270524626514932e-01
9.510565162926934990e-01
9.822872507271981357e-01
9.980267284277689610e-01
9.980267284287702712e-01
9.822872507301756428e-01
9.510565162976213349e-01
9.048270524693927674e-01
8.443279255062566824e-01
7.705132427808673024e-01
6.845471059345328291e-01
5.877852522989538420e-01
4.817536741086795860e-01
3.681245526921141376e-01
2.486898871725951587e-01
1.253332335721699387e-01
7.978653944700070844e-12
-1.253332335563948352e-01
-2.486898871570841218e-01
-3.681245526772245480e-01
-4.817536740947458984e-01
-5.877852522859980944e-01
-6.845471059228589450e-01
-7.705132427707319653e-01
-8.443279254977368309e-01
-9.048270524625984246e-01
-9.510565162926726268e-01
-9.822872507271748210e-01
-9.980267284277682949e-01
-9.980267284287744900e-01
-9.822872507301989575e-01
-9.510565162976246656e-01
-9.048270524694215222e-01
-8.443279255063234068e-01
-7.705132427809103790e-01
-6.845471059345821230e-01
-5.877852522989626127e-01
-4.817536741087388719e-01
-3.681245526921770317e-01
-2.486898871726055948e-01
-1.253332335722934232e-01
